
== dsm_flows: 359 games (per game, no averaging) ==
  episode    yarn    milk     cow     shp     gse    fedW    buyW    solW    invW    harW     plW    solM    invM     pxW     pxM     pxS    shed
  2334382     1.0     1.0     6.0     8.0    11.0     452   3,287   6,168  10,094   3,600    33.0     466  10,077    34.1    54.9    90.4    98.0
  2337053     1.0     0.0     4.0     3.0    14.0     434   1,263   5,511  10,000   4,747    36.0     381  10,076    36.2    61.1     158    95.0
  2338209     1.0     1.0     3.0    12.0     8.0     452   1,640   7,498  10,000   6,386    45.0     467  10,047    38.9     143     239     100
  2339437     0.0     1.0    11.0     2.0     7.0     450   1,499   5,528  10,014   4,552    41.0   1,310  10,000    36.0     223     201    95.0
  2340584     1.0     1.0    12.0     2.0     7.0     460   1,994   6,352  10,028   5,053    45.0   1,551  10,048    31.6     164     188    94.0
  2341734     1.0     1.0     5.0    13.0     5.0     475   1,847   6,233  10,317   4,934    42.0     607  10,076    28.2    66.7    60.6    93.0
  2342960     1.0     1.0     6.0    10.0     5.0     409   1,844   6,065  10,032   4,682    52.0     911  10,076    38.6    89.2     153    94.0
  2344174     0.0     1.0     4.0     3.0    12.0     410   2,603   5,061  10,017   3,064    27.0     461  10,076    40.9    57.6     204    92.0
  2344178     1.0     1.0     4.0    14.0    10.0     526   1,979   6,895  10,012   5,654    46.0     398  10,076    38.1    48.0     142    99.0
  2345353     0.0     1.0    11.0     3.0     8.0     414   2,024   5,885  10,012   4,398    33.0     992  10,076    38.1    88.2    99.7    95.0
  2346537     0.0     1.0    10.0     2.0     7.0     374   2,154   6,433  10,050   4,750    46.0     907  10,077    37.1    57.3     212    90.0
  2347713     1.0     1.0     7.0    11.0     6.0     466   2,562   5,282  10,059   3,268    36.0     908  10,075    35.3    76.0     102    94.0
  2348914     1.0     1.0     3.0    19.0     3.0     550   2,274   6,674  10,343   5,031    37.0     584  10,044    29.0     116    68.4     100
  2350080     0.0     1.0     6.0     3.0    10.0     383   3,004   5,700  10,000   3,214    25.0     494  10,076    36.4    53.2     173    96.0
  2351270     1.0     1.0     7.0     3.0    10.0     406   3,054   6,233  10,130   3,781    31.0     471  10,076    35.2    63.9     152    92.0
  2351740     1.0     1.0     4.0     5.0    12.0     423   3,626   5,528  10,000   2,502    32.0     335  10,076    36.3    35.8     166    94.0
  2352446     1.0     1.0     6.0    14.0     9.0     493   3,365   7,171  10,092   4,512    38.0     540  10,076    36.6    41.7     156     100
  2353628     0.0     1.0     6.0     3.0    10.0     391   3,097   5,967  10,050   3,514    30.0     662  10,076    35.9    48.5     142     100
  2354807     0.0     1.0     4.0     3.0    12.0     394   3,912   5,656  10,000   2,344    29.0     445  10,076    36.5    45.2     180    92.0
  2355980     1.0     1.0     4.0    14.0     8.0     513   3,105   7,397  10,099   5,008    50.0     301  10,076    38.0    47.6     129     100
  2357249     0.0     1.0     8.0     3.0    10.0     427   4,162   5,370  10,000   1,833    31.0   1,013  10,040    37.9     115     164    96.0
  2358450     1.0     1.0    11.0     8.0     7.0     456   3,442   5,454  10,027   2,583    32.0     875  10,076    35.3     118     136     100
  2359725     0.0     1.0    14.0     3.0     3.0     405   3,681   5,122  10,119   2,007    40.0   1,993  10,066    35.8     124     183    98.0
  2361023     1.0     1.0     8.0     5.0    10.0     451   3,230   5,143  10,060   2,538    31.0     755  10,076    35.3    73.1     139     100
  2362266     1.0     1.0     8.0     6.0    10.0     467   2,660   4,919  10,082   2,937    34.0     521  10,076    34.0    73.4    96.3    99.0
  2363477     0.0     1.0    10.0     3.0     6.0     358   3,761   5,330  10,000   2,100    27.0   1,067  10,076    37.7    74.3     146     100
  2364744     1.0     1.0     6.0     3.0    11.0     417   3,261   4,994  10,000   2,367    38.0     651  10,076    36.5    56.0     124     100
  2365902     0.0     1.0    13.0     2.0     4.0     411   3,205   5,691  10,000   3,000    48.0   1,873  10,058    38.9     155     206     100
  2367111     0.0     1.0    10.0     2.0     6.0     384   3,803   5,431  10,000   2,071    44.0   1,119  10,074    38.6    90.7     209     100
  2368303     1.0     1.0     7.0    19.0     3.0     572   2,083   5,305  10,035   3,869    36.0     830  10,076    36.3    82.6    82.3     100
  2369544     1.0     1.0     4.0    12.0     6.0     453   3,008   5,954  10,149   3,651    34.0     445  10,076    32.9    34.8    96.9    96.0
  2370786     1.0     1.0     6.0    10.0    11.0     484   3,184   5,561  10,068   3,158    46.0     943  10,076    37.4    64.1    78.6    98.0
  2371962     1.0     1.0     4.0     3.0    11.0     366   3,327   5,149  10,000   2,368    27.0     311  10,077    37.5    34.4     170     100
  2373154     1.0     1.0     4.0     9.0     8.0     460   3,303   6,246  10,133   3,608    43.0     499  10,075    35.1    54.1     143     100
  2374229     1.0     1.0     6.0    13.0     4.0     411   2,633   4,914  10,000   2,835    33.0     692  10,077    34.7    44.9    77.8    97.0
  2375629     1.0     1.0     7.0     7.0    10.0     480   2,857   5,226  10,172   2,988    52.0     694  10,076    35.8    88.7     132    99.0
  2376792     1.0     1.0    10.0    10.0     3.0     483   3,139   5,773  10,016   3,225    41.0   1,631  10,032    37.2     166     159     100
  2378021     0.0     1.0    10.0     2.0     7.0     402   2,722   4,655  10,000   2,431    32.0     999  10,074    37.1     105     232    97.0
  2379212     1.0     1.0     4.0     3.0    11.0     375   3,254   6,221  10,000   3,477    42.0     351  10,077    39.2    36.1     202    96.0
  2380409     1.0     1.0     4.0    11.0     5.0     388   3,502   6,361  10,000   3,531    28.0     418  10,077    38.6    63.9     160     100
  2381583     0.0     0.0     4.0     3.0    12.0     381   3,305   5,809  10,000   3,171    44.0     252  10,076    39.6    49.3     209     100
  2382792     1.0     1.0     4.0    13.0     8.0     475   3,573   6,122  10,050   3,270    34.0     348  10,076    35.8    45.3     171     100
  2383976     1.0     1.0     7.0     9.0     5.0     404   3,446   5,557  10,070   2,755    30.0     791  10,076    34.6    53.3     134     100
  2384473     0.0     1.0     8.0     3.0     7.0     348   5,297   6,400  10,004   1,766    25.0     727  10,070    35.7    83.8     198    99.0
  2385139     0.0     1.0     4.0     3.0    13.0     430   2,570   5,139  10,118   3,154    40.0     473  10,076    32.9    63.4    75.9     100
  2386353     1.0     1.0    11.0    10.0     3.0     452   3,407   5,969  10,125   3,265    35.0   1,178  10,045    37.0     137     192     100
  2386644     1.0     1.0     5.0    17.0     3.0     496   2,149   6,975  10,077   5,470    37.0     703  10,076    34.6    79.1    53.1    94.0
  2387546     1.0     1.0     4.0    17.0     3.0     463   2,709   7,504  10,180   5,475    40.0     332  10,076    33.8    44.2     106     100
  2388714     0.0     1.0     8.0     3.0     9.0     378   2,396   5,000  10,000   3,097    23.0     478  10,076    35.7    78.7     144    93.0
  2388993     0.0     1.0     4.0     3.0    12.0     392   3,751   5,795  10,025   2,654    37.0     444  10,076    37.7    48.5     191     100
  2389942     1.0     1.0     7.0    12.0     5.0     451   3,256   8,001  10,004   5,313    52.0     705  10,076    39.7    74.9     130     100
  2391149     1.0     1.0     4.0     6.0    13.0     467   4,274   5,212  10,000   1,867    37.0     349  10,076    35.0    40.9     167     100
  2392332     0.0     1.0     8.0     3.0     8.0     384   3,791   5,452  10,071   2,357    33.0     718  10,074    34.3     103     182     100
  2393505     0.0     1.0     7.0     3.0     7.0     367   4,148   5,833  10,000   2,291    49.0     817  10,072    40.5    74.2     165     100
  2393713     0.0     1.0     8.0     3.0     8.0     420   5,048   6,395  10,256   2,083    40.0   1,011  10,059    32.0     115     178     100
  2394731     0.0     1.0     8.0     3.0     8.0     382   4,266   7,267  10,000   3,555    32.0     719  10,052    37.1    86.4     204    95.0
  2395923     1.0     1.0    10.0     3.0     5.0     408   3,286   5,669  10,341   2,939    42.0   1,141  10,045    34.1     124     182     100
  2396240     0.0     1.0    14.0     2.0     3.0     354   4,254   5,176  10,055   1,569    36.0   1,550  10,072    35.4     114     194     100
  2397111     0.0     1.0     5.0     3.0    10.0     420   5,000   6,204  10,000   1,984    26.0     759  10,056    36.6     141     193     100
  2398313     1.0     1.0     7.0    10.0     7.0     447   3,410   6,744  10,151   4,166    40.0     578  10,076    33.9    53.6     166    98.0
  2399487     1.0     1.0     3.0    19.0     3.0     465   2,052   6,667  10,132   5,149    44.0     386  10,069    36.3    70.8     126     100
  2399744     1.0     1.0     8.0    13.0     4.0     473   3,116   6,124  10,285   3,684    40.0     891  10,023    33.5     177     157    99.0
  2400663     0.0     1.0    11.0     3.0     5.0     428   5,322   6,227  10,043   1,666    44.0   1,506  10,043    39.0     150     215     100
  2401974     0.0     1.0    10.0     3.0     6.0     410   4,252   5,560  10,151   2,094    48.0   1,212  10,055    33.6     132     160     100
  2403144     1.0     1.0    10.0    10.0     2.0     423   2,576   5,570  10,155   3,711    36.0   1,233  10,074    35.1     107     157    98.0
  2404368     0.0     1.0    10.0     3.0     6.0     346   3,559   5,236  10,035   2,312    33.0     777  10,069    36.0    80.1     146     100
  2405569     1.0     1.0     7.0     3.0     9.0     402   3,378   4,865  10,014   2,181    39.0     773  10,075    35.3    71.5     140     100
  2406771     1.0     1.0     8.0    13.0     7.0     497   3,780   6,753  10,078   3,718    40.0     755  10,066    35.7     115     138     100
  2407959     1.0     1.0    11.0    14.0     1.0     449   3,093   5,550  10,027   3,154    50.0     889  10,076    39.4    93.5     184     100
  2409147     1.0     1.0     7.0     8.0     9.0     436   3,621   6,850  10,208   3,985    41.0     508  10,077    34.2    57.0     148     100
  2410346     1.0     1.0     6.0     7.0     7.0     426   4,732   6,496  10,000   2,506    51.0     970  10,050    42.4     121     185     100
  2411520     0.0     1.0    12.0     3.0     6.0     461   4,122   6,085  10,137   2,595    43.0   1,508  10,017    34.0     201     163     100
  2412703     1.0     0.0     4.0     3.0    11.0     379   3,436   5,818  10,008   3,067    46.0     313  10,076    38.8    38.4     157    99.0
  2413928     1.0     1.0     6.0    11.0     6.0     447   3,135   6,998  10,170   4,593    35.0     577  10,028    35.0     154     171    96.0
  2415099     1.0     1.0     7.0     3.0     9.0     424   2,836   6,669  10,004   4,425    28.0     818  10,055    35.1    87.3     157    99.0
  2416287     1.0     1.0     4.0    10.0     7.0     406   3,737   7,353  10,587   4,258    54.0     454  10,073    28.5    62.0     151     100
  2417447     1.0     1.0     8.0     3.0    10.0     412   4,345   6,873  10,439   3,201    46.0     775  10,076    28.1    85.8    47.0     100
  2417778     1.0     1.0    10.0     7.0     6.0     422   4,037   7,152  10,162   3,767    40.0     727  10,076    34.5    78.8     178     100
  2418651     1.0     1.0     6.0    14.0     6.0     521   3,147   6,994  10,000   4,606    39.0     675  10,076    39.3    86.4     180    99.0
  2419902     0.0     1.0     7.0     2.0    10.0     373   4,920   6,279  10,013   1,943    36.0     550  10,076    40.1    85.9     205    99.0
  2421116     1.0     1.0     6.0     4.0     8.0     364   2,868   5,920  10,152   3,578    52.0     660  10,073    35.4    71.6     171     100
  2422302     0.0     1.0    10.0     3.0     5.0     347   4,738   7,587  10,012   3,539    33.0     778  10,076    37.8    84.5     189    95.0
  2423558     1.0     1.0     6.0     3.0    11.0     428   3,948   5,154  10,019   1,987    38.0     758  10,071    38.9    53.1     166     100
  2426103     1.0     1.0     3.0    17.0     2.0     405   2,901   7,703  10,117   5,352    36.0     255  10,076    34.9    63.0     137    95.0
  2431577     1.0     1.0    13.0     5.0     3.0     395   3,980   5,823  10,060   2,581    31.0   1,109  10,076    35.7     120     154     100
  2437698     0.0     1.0    10.0     3.0     5.0     349   3,951   8,692  10,207   5,447    33.0     912  10,076    30.7    69.8     159     100
  2446064     1.0     1.0     4.0    14.0     5.0     422   3,540   8,426  10,220   5,603    36.0     297  10,073    35.3    50.0     135    98.0
  2446065     1.0     1.0    14.0     3.0     3.0     458   3,527   7,541  10,156   4,719    42.0   1,474  10,062    36.4     129     161    94.0
  2454257     1.0     1.0     4.0    11.0     9.0     482   3,222   7,227  10,135   4,713    28.0     387  10,076    33.2    60.3    57.7     100
  2454264     1.0     1.0    10.0     3.0     4.0     373   4,534   7,674  10,134   3,888    50.0   1,137  10,071    37.4     105     201    97.0
  2462539     1.0     1.0     7.0     9.0     4.0     389   4,169   6,166  10,099   2,818    36.0     549  10,076    32.9    48.7     107     100
  2471604     0.0     1.0    11.0     2.0     5.0     363   4,872   7,307  10,066   3,059    48.0   1,072  10,063    38.9     116     194    97.0
  2471612     0.0     1.0    11.0     2.0     6.0     350   4,195   7,189  10,060   3,531    39.0     949  10,077    37.8    98.6     174    94.0
  2481107     1.0     1.0     6.0     9.0     7.0     458   3,151   7,203  10,813   4,894    39.0     703  10,071    26.5    71.3    82.6     100
  2490397     0.0     1.0     9.0     3.0     7.0     366   4,718   7,414  10,173   3,380    35.0     829  10,068    34.5     113     185    98.0
  2499720     0.0     1.0     5.0     3.0    11.0     408   3,530   7,545  10,143   4,716    38.0     469  10,062    35.1     116     149     100
  2509185     1.0     1.0     7.0     9.0     4.0     355   3,471   7,984  10,198   5,103    34.0     628  10,076    33.6    61.1     138    99.0
  2509190     1.0     1.0     3.0    20.0     2.0     503   3,484   8,119  10,163   5,264    43.0     431  10,036    35.4     176     152     100
  2519767     1.0     1.0    14.0     2.0     2.0     334   4,665   7,998  10,150   3,924    31.0   1,066  10,076    34.8     105     156     100
  2531901     0.0     1.0    11.0     2.0     6.0     409   3,357   6,006  10,180   3,314    31.0   1,065  10,059    33.8     119     106     100
  2542379     1.0     1.0     7.0    10.0     5.0     420   4,335   7,105  10,061   3,476    44.0     835  10,040    37.9     190     188     100
  2544834     1.0     1.0     6.0     6.0     8.0     382   3,684   7,353  10,499   4,375    43.0     466  10,076    31.1    57.5     135    96.0
  2553246     1.0     1.0     4.0    17.0     8.0     536   3,379   7,092  10,199   4,491    40.0     348  10,076    35.7    69.8     110    97.0
  2561550     1.0     1.0     7.0     3.0     7.0     341   4,126   7,202  10,041   3,635    36.0     633  10,076    36.4    53.7     161    97.0
  2568815     0.0     1.0     8.0     3.0     6.0     357   4,003   8,348  10,000   4,951    38.0     733  10,065    41.7    97.1     218     100
  2874372     1.0     1.0     6.0     8.0    11.0     477   3,404   6,894  10,210   4,248    33.0     649  10,075    33.8    49.2     159    97.0
  2875754     0.0     1.0     8.0     2.0     6.0     364   1,108   8,028  10,000   7,297    50.0   1,007  10,000    35.6     278     262     100
  2876320     1.0     1.0     5.0     2.0    13.0     445   1,595   7,332  10,000   6,230    62.0     685  10,038    39.8     126     190     100
  2876979     1.0     1.0     3.0    12.0     6.0     456   1,463   6,982  10,219   5,999    41.0     241  10,008    23.9     208     209    97.0
  2878059     1.0     1.0     7.0     9.0     8.0     488   1,417   5,887  10,043   4,987    52.0     713  10,076    34.7    92.9     228     100
  2879208     0.0     1.0     8.0     2.0     8.0     406   2,119   4,933  10,000   3,327    42.0   1,100  10,038    41.2     154     199    94.0
  2880347     1.0     0.0     3.0     6.0    11.0     417   1,850   5,481  10,162   4,125    42.0     324  10,076    32.8    71.9     114    97.0
  2881476     1.0     1.0     6.0     3.0    10.0     409   1,957   6,804  10,132   5,455    37.0     782  10,077    32.9    25.8    62.3     100
  2882631     1.0     1.0     7.0     2.0    12.0     468   1,745   4,899  10,000   3,655    43.0     937  10,074    40.3    96.2     169     100
  2883767     1.0     1.0     4.0     3.0    12.0     419   1,742   6,733  10,000   5,518    34.0     332  10,077    39.2    36.6     246    96.0
  2884946     0.0     1.0     6.0     3.0     9.0     414   1,774   5,512  10,000   4,235    46.0     787  10,023    41.9     203     212    92.0
  2886090     0.0     1.0     8.0     3.0     9.0     386   2,241   4,612  10,000   2,930    30.0     626  10,076    39.8    59.7     199     100
  2887233     1.0     1.0     8.0     3.0     9.0     446   3,295   5,481  10,000   2,739    28.0     928  10,047    36.2     133     190    92.0
  2888386     0.0     1.0     7.0     3.0    12.0     410   3,399   5,214  10,000   2,417    42.0     512  10,077    40.8    55.2     212    95.0
  2889093     1.0     1.0    14.0     6.0     3.0     428   2,294   5,451  10,240   3,754    44.0   1,707  10,073    31.9     135     231     100
  2889533     0.0     1.0    14.0     3.0     4.0     469   2,995   4,929  10,116   2,610    43.0   1,821  10,011    36.1     210     198    97.0
  2890668     0.0     1.0    10.0     3.0     7.0     423   3,794   5,406  10,000   2,252    23.0   1,321  10,062    36.3     109     211    92.0
  2891809     1.0     1.0     7.0    10.0     6.0     472   3,390   6,101  10,100   3,359    35.0     764  10,076    35.6    90.3     174     100
  2892956     1.0     1.0     3.0    14.0     7.0     512   2,182   4,653  10,200   3,107    38.0     522  10,076    30.7    36.9    44.5    99.0
  2894098     1.0     1.0    10.0     5.0     8.0     501   3,228   5,709  10,217   3,127    40.0   1,231  10,071    34.2     118     144    96.0
  2894264     1.0     1.0     4.0    17.0     2.0     474   2,325   6,987  10,086   5,269    30.0     589  10,076    34.7    71.9     133     100
  2895306     1.0     1.0     6.0     3.0    10.0     366   3,335   5,987  10,009   3,233    30.0     491  10,076    37.4    38.4     121    96.0
  2895991     1.0     1.0    11.0     9.0     3.0     513   3,321   5,197  10,076   2,481    41.0   1,415  10,009    37.1     199     207     100
  2896523     1.0     1.0     6.0    11.0    10.0     514   3,925   5,773  10,000   2,613    42.0   1,025  10,049    38.6    97.6     153     100
  2897751     1.0     1.0     5.0    11.0     3.0     390   3,978   6,843  10,054   3,571    30.0     483  10,076    37.2    58.5     177     100
  2898917     0.0     1.0     4.0     3.0    10.0     378   3,526   5,425  10,000   2,418    30.0     454  10,073    40.3    52.1     230    98.0
  2900116     0.0     1.0     8.0     3.0     8.0     421   3,851   5,129  10,000   1,866    38.0     965  10,058    40.3     103     231    95.0
  2901305     1.0     1.0     5.0    12.0     4.0     405   2,983   6,134  10,018   3,805    31.0     618  10,076    36.5    44.4     128    90.0
  2902492     1.0     1.0    10.0     6.0     7.0     411   3,900   5,633  10,005   2,338    28.0     764  10,077    37.5    87.6     185    98.0
  2903685     0.0     1.0    11.0     3.0     6.0     459   3,178   5,231  10,060   2,616    49.0   1,663  10,018    36.5     186     144     100
  2904477     0.0     1.0    11.0     3.0     7.0     470   3,303   4,860  10,032   2,123    43.0   1,432  10,008    37.9     195     185    99.0
  2904807     1.0     1.0     8.0     3.0    10.0     467   3,521   5,053  10,000   2,211    35.0   1,049  10,034    37.2     180     169     100
  2904854     0.0     1.0    10.0     3.0     7.0     444   4,283   5,501  10,155   1,783    31.0   1,438  10,047    34.8     134     216     100
  2906040     1.0     1.0    14.0    10.0     5.0     543   2,673   5,125  10,026   3,088    41.0   1,721  10,076    37.9     126     117    97.0
  2907213     1.0     1.0     6.0     3.0    10.0     397   3,669   6,205  10,000   3,093    32.0     422  10,076    37.4    43.6     150    97.0
  2908389     1.0     1.0     4.0     7.0    11.0     410   3,769   6,048  10,005   2,871    29.0     382  10,077    36.7    36.7     190    94.0
  2909563     1.0     1.0    11.0     7.0     7.0     496   3,162   4,943  10,000   2,348    39.0   1,052  10,072    38.9     114     130    96.0
  2910765     0.0     1.0     7.0     3.0    11.0     457   2,962   5,376  10,045   3,027    38.0     858  10,058    36.0     100     137     100
  2911950     0.0     1.0     8.0     3.0     9.0     435   3,133   4,556  10,000   2,023    33.0   1,006  10,067    37.9     115     167     100
  2913105     1.0     1.0    10.0     9.0     3.0     413   4,213   6,015  10,000   2,381    38.0   1,086  10,076    38.7    99.1     211    94.0
  2913136     1.0     1.0     7.0    17.0     2.0     489   3,099   6,770  10,045   4,355    29.0     619  10,076    35.6    91.0     161     100
  2914263     0.0     1.0     7.0     3.0    10.0     408   2,982   5,273  10,056   2,922    35.0     727  10,076    34.2    61.8     121     100
  2914327     1.0     1.0     5.0    11.0     4.0     434   2,826   6,466  10,188   4,240    46.0     746  10,076    35.1    48.6     153     100
  2915510     1.0     1.0     7.0    18.0     5.0     558   3,540   5,765  10,233   3,017    34.0     996  10,046    32.3     128     139     100
  2916705     1.0     1.0     7.0     4.0     9.0     439   3,703   6,263  10,128   3,175    46.0     909  10,067    36.6    75.1     136    97.0
  2916720     0.0     1.0     7.0     3.0     9.0     371   3,534   5,240  10,000   2,251    29.0     545  10,076    35.8    55.6     134     100
  2917897     1.0     1.0     9.0     3.0     5.0     350   4,155   6,006  10,028   2,362    45.0     777  10,076    38.2    72.8     200     100
  2918242     1.0     1.0     4.0     9.0     7.0     386   3,709   5,742  10,000   2,637    23.0     415  10,077    38.7    33.9     179     100
  2919062     1.0     1.0    10.0     7.0     8.0     520   3,058   5,739  10,163   3,368    37.0   1,039  10,062    34.4     110     134     100
  2920235     0.0     1.0     8.0     3.0     9.0     398   3,033   4,860  10,000   2,432    36.0     795  10,073    36.4    75.3     132     100
  2921540     1.0     1.0    11.0     3.0     8.0     485   2,483   4,753  10,117   2,864    46.0   1,512  10,072    34.4     125    64.1    94.0
  2922557     0.0     1.0     7.0     3.0     9.0     410   3,411   5,258  10,049   2,485    30.0     738  10,063    35.1     115     144     100
  2923737     1.0     1.0     7.0    10.0     6.0     459   2,754   4,843  10,000   2,700    30.0   1,028  10,071    36.9    88.1     109    97.0
  2924902     1.0     1.0     8.0    10.0     6.0     446   2,807   6,539  10,179   4,331    29.0     761  10,076    34.9    69.4     162     100
  2926148     0.0     1.0     7.0     3.0     9.0     376   3,875   7,195  10,425   3,868    44.0     610  10,076    31.3    82.5     154     100
  2927229     0.0     1.0     6.0     3.0    10.0     376   3,910   5,583  10,000   2,241    28.0     480  10,076    37.7    42.8     156    98.0
  2928397     1.0     1.0     9.0     3.0     7.0     369   3,138   6,190  10,013   3,609    32.0     734  10,076    34.8    77.6     129     100
  2929599     0.0     1.0     7.0     3.0     8.0     350   2,548   7,005  10,000   4,885    36.0     496  10,077    38.7    70.6     196    98.0
  2930764     1.0     1.0    14.0    12.0     2.0     533   2,940   4,765  10,174   2,506    34.0   1,538  10,006    34.3     232     179    97.0
  2931957     0.0     1.0     6.0     3.0    11.0     417   3,848   6,790  10,135   3,599    40.0     688  10,076    34.7    45.9     119    96.0
  2933146     0.0     1.0    10.0     3.0     6.0     351   3,876   5,077  10,071   1,802    24.0     740  10,076    32.9     119     161     100
  2934311     0.0     1.0     6.0     3.0     8.0     375   4,078   5,303  10,000   1,831    33.0     863  10,058    38.5    86.7     235    99.0
  2935479     0.0     1.0     7.0     3.0     9.0     415   3,767   6,069  10,100   2,763    32.0     678  10,067    29.4    96.8     208    95.0
  2936594     1.0     1.0    10.0    12.0     5.0     435   2,980   5,247  10,007   3,050    37.0     769  10,076    37.0    97.7     118    97.0
  2936645     0.0     1.0    11.0     2.0     6.0     422   2,155   4,934  10,000   3,376    45.0   1,674  10,000    41.3     228     227    98.0
  2937852     1.0     1.0     8.0    10.0     5.0     439   3,647   5,726  10,200   2,690    26.0     957  10,076    32.6    66.7     148     100
  2939032     0.0     1.0    13.0     2.0     4.0     379   3,277   5,141  10,073   2,329    43.0   1,540  10,076    37.0     113     197     100
  2940236     1.0     1.0     4.0     5.0    12.0     429   3,042   5,327  10,000   2,925    37.0     355  10,076    36.7    59.7     167     100
  2941416     1.0     1.0     8.0     4.0     8.0     382   3,641   6,993  10,078   3,969    36.0     575  10,076    37.7    86.7     163    93.0
  2942616     1.0     1.0     6.0     5.0     9.0     389   3,432   5,776  10,053   2,869    33.0     460  10,076    34.9    56.5     132     100
  2943817     1.0     1.0     4.0    14.0     6.0     453   3,251   6,617  10,013   3,971    26.0     291  10,076    37.0    51.4     163    94.0
  2945177     1.0     1.0     8.0     3.0     8.0     441   4,262   5,412  10,000   1,742    29.0   1,077  10,045    38.0     137     191    95.0
  2945190     0.0     1.0    10.0     3.0     4.0     371   4,140   7,067  10,000   3,616    50.0   1,162  10,066    41.0     138     217    98.0
  2945918     0.0     1.0     6.0     3.0    10.0     398   4,085   7,591  10,309   4,227    32.0     501  10,071    29.2    66.7     138     100
  2946184     0.0     1.0     7.0     3.0     9.0     398   3,631   5,739  10,000   2,687    33.0     844  10,074    39.8    69.6     218    97.0
  2946412     1.0     1.0     8.0    13.0     2.0     487   1,934   7,718  10,129   6,315    42.0   1,095  10,074    37.4     121     176    93.0
  2947337     0.0     1.0     4.0     3.0    10.0     384   3,628   6,581  10,000   3,521    27.0     461  10,069    37.7    80.6     201    95.0
  2948511     1.0     1.0     4.0    16.0     3.0     452   3,343   5,651  10,006   3,009    45.0     670  10,074    36.4    76.3     152     100
  2949672     0.0     1.0    15.0     2.0     3.0     424   4,265   6,280  10,000   2,694    44.0   1,754  10,055    38.9     137     173     100
  2950747     0.0     1.0     9.0     3.0     6.0     400   4,298   5,169  10,035   1,609    24.0   1,151  10,056    33.6     167     171     100
  2950830     0.0     1.0     4.0     3.0    11.0     394   3,098   5,155  10,021   2,588    31.0     374  10,070    35.5    86.8     114    98.0
  2952026     1.0     1.0     6.0     5.0    10.0     419   3,305   5,359  10,071   2,665    32.0     621  10,076    34.1    47.3     129    96.0
  2953302     1.0     1.0     7.0     8.0     5.0     407   3,477   8,301  10,117   5,441    49.0     629  10,076    37.1     101     178    87.0
  2954555     1.0     1.0    10.0    10.0     2.0     384   3,175   7,555  10,180   4,936    52.0     829  10,072    37.8    96.7     206     100
  2955821     1.0     0.0     4.0    15.0     7.0     478   3,265   6,235  10,047   3,755    43.0     202  10,076    38.7    55.8     168     100
  2957031     0.0     1.0     7.0     3.0    10.0     445   3,049   5,858  10,069   3,675    53.0     845  10,059    37.7     103    96.4     100
  2958169     1.0     1.0     7.0    10.0     6.0     429   2,953   6,381  10,268   4,035    38.0     691  10,076    31.4    87.3    82.0    94.0
  2965351     1.0     1.0     8.0    15.0     4.0     505   3,212   6,869  10,393   4,486    30.0     812  10,066    31.6    83.0    97.0     100
  2966460     1.0     1.0     3.0    23.0     2.0     553   2,709   6,807  10,158   4,792    39.0     420  10,072    33.8    69.8    79.8    99.0
  2975978     0.0     1.0     4.0     3.0    12.0     405   4,394   6,366  10,000   2,726    35.0     472  10,070    37.5    72.6     154     100
  2979425     1.0     1.0     4.0    18.0     3.0     523   3,904   6,987  10,199   3,797    43.0     624  10,065    35.8    82.0     179     100
  2983953     1.0     1.0     7.0    12.0     4.0     444   4,498   6,392  10,130   2,531    29.0     698  10,025    35.1     159     182    97.0
  2992089     0.0     1.0    10.0     2.0     5.0     336   3,745   5,388  10,049   2,247    47.0     913  10,072    40.4    94.5     196     100
  2995351     0.0     1.0     8.0     2.0     8.0     401   3,016   6,701  10,017   4,261    41.0     769  10,061    37.9     125     232    93.0
  2996939     1.0     1.0     9.0     8.0     5.0     404   4,375   9,002  10,025   5,327    38.0     542  10,073    39.5    76.6     178     100
  3002142     1.0     1.0     8.0     9.0     5.0     429   3,292   6,829  10,305   4,271    36.0     798  10,071    31.8    85.2     151     100
  3006796     0.0     1.0    10.0     3.0     6.0     417   3,445   4,709  10,114   1,955    36.0   1,342  10,057    33.0     128     180     100
  3010101     0.0     1.0    11.0     3.0     6.0     444   3,236   5,771  10,189   3,258    36.0   1,274  10,045    34.1     142    97.4    96.0
  3011709     1.0     1.0     9.0    12.0     2.0     412   3,098   9,506  10,223   7,031    42.0     720  10,076    33.9    92.2     174    99.0
  3014842     0.0     1.0     8.0     3.0     9.0     401   3,987   8,541  10,193   5,264    41.0     581  10,067    35.2    73.5     122     100
  3020903     1.0     1.0    11.0     3.0     5.0     374   3,529   6,141  10,123   3,241    40.0     988  10,067    37.0     105     187     100
  3026840     1.0     1.0     8.0     9.0     3.0     396   3,496   8,477  10,316   5,710    51.0     751  10,063    34.4    89.2     190     100
  3032166     1.0     1.0     8.0     9.0     4.0     416   3,443   7,019  10,529   4,266    35.0     990  10,065    32.9     119     150    96.0
  3032569     0.0     1.0    10.0     3.0     5.0     405   3,401   5,188  10,000   2,439    43.0   1,167  10,037    39.0     160     223     100
  3036754     1.0     1.0     6.0     4.0    10.0     434   3,364   7,863  10,240   5,253    40.0     503  10,074    30.9    85.0    84.7     100
  3041463     1.0     1.0     7.0     3.0     9.0     403   4,706   6,232  10,139   2,171    37.0     917  10,072    33.9    82.1     168     100
  3041930     1.0     1.0     7.0    12.0     9.0     482   4,169   6,573  10,219   3,223    38.0     774  10,076    34.0    62.6     121     100
  3046526     1.0     1.0    11.0     2.0     9.0     425   2,395   5,557  10,039   3,840    42.0   1,001  10,076    36.9    90.3     148    96.0
  3052015     1.0     1.0     8.0     2.0     7.0     339   3,669   7,245  10,047   4,204    42.0     530  10,076    38.0    85.6     201     100
  3056902     0.0     1.0    11.0     3.0     6.0     432   2,412   5,433  10,054   3,619    38.0   1,502  10,074    36.5     168     195    94.0
  3057710     0.0     1.0    11.0     2.0     6.0     403   3,760   7,694  10,170   4,609    45.0   1,117  10,071    34.4     102     162     100
  3060269     1.0     1.0     6.0    12.0     3.0     392   2,904   6,652  10,145   4,215    45.0     703  10,065    36.6    94.6     196    90.0
  3065954     0.0     1.0     7.0     3.0     7.0     380   4,705   6,928  10,002   2,924    33.0     941  10,064    40.9    83.2     205     100
  3065970     0.0     1.0    11.0     3.0     6.0     449   4,363   6,648  10,120   2,978    44.0   1,557  10,014    36.6     210     190    98.0
  3068420     1.0     1.0     4.0    14.0     7.0     505   3,179   8,212  10,282   5,902    37.0     464  10,069    33.6    89.8     153     100
  3074365     0.0     1.0     9.0     3.0     8.0     435   3,176   5,032  10,011   2,585    43.0   1,095  10,040    35.9     160     155    96.0
  3080310     1.0     0.0     4.0     9.0     7.0     386   3,048   7,604  10,244   5,242    44.0     248  10,076    32.0    61.0     187     100
  3087145     1.0     1.0     3.0    12.0     6.0     430   3,062   5,160  10,017   2,737    33.0     443  10,068    35.2    68.9     142     100
  3093088     0.0     1.0     4.0     3.0    11.0     401   3,862   5,222  10,000   1,988    23.0     466  10,071    35.7    96.9     143    96.0
  3097911     0.0     0.0     4.0     3.0    11.0     367   3,054   6,907  10,134   4,435    28.0     239  10,076    30.4    54.1     150     100
  3097923     1.0     1.0    11.0     3.0     5.0     370   4,048   6,888  10,296   3,551    35.0     898  10,076    29.9    77.5     118     100
  3099091     0.0     1.0     6.0     3.0    10.0     414   3,888   7,505  10,203   4,357    34.0     467  10,070    31.3    76.2     181    99.0
  3105894     0.0     1.0     6.0     3.0    10.0     434   3,264   6,786  10,145   4,142    36.0     617  10,047    34.0     164    82.9    99.0
  3112822     1.0     1.0     3.0    13.0     4.0     367   4,302   5,888  10,239   2,168    38.0     520  10,076    31.5    50.6     107     100
  3117685     1.0     1.0    10.0    10.0     2.0     444   3,788   7,723  10,290   4,586    41.0   1,191  10,050    30.9     125     167    99.0
  3118869     1.0     1.0     7.0     9.0     5.0     399   3,498   7,474  10,314   4,710    40.0     629  10,072    31.5    75.4     113    97.0
  3118871     1.0     1.0     3.0    13.0     6.0     461   3,511   7,469  10,103   4,563    41.0     248  10,074    36.3    74.3     187     100
  3125645     1.0     1.0     9.0     3.0     9.0     409   3,002   5,385  10,157   3,044    55.0     956  10,074    32.1     106     120     100
  3132794     0.0     1.0     4.0     4.0     9.0     346   5,266   6,866  10,000   2,173    25.0     414  10,071    36.9    64.1     165     100
  3132797     1.0     1.0     5.0    11.0     5.0     395   3,638   8,287  10,604   5,216    53.0     882  10,057    27.6     142    45.1    95.0
  3139778     0.0     1.0    11.0     3.0     5.0     360   3,312   6,003  10,000   3,222    34.0   1,003  10,076    36.4    98.5     163     100
  3139781     1.0     1.0    11.0    10.0     2.0     409   3,562   7,515  10,230   4,604    37.0   1,211  10,076    31.4     100     108    99.0
  3139782     1.0     1.0     6.0    15.0     3.0     490   3,403   7,493  10,046   4,806    30.0     681  10,064    36.2    88.5     131    98.0
  3146632     1.0     1.0    11.0     3.0     7.0     423   3,364   6,885  10,366   4,132    41.0     847  10,076    31.4     104    88.6     100
  3153433     1.0     1.0     7.0     5.0     8.0     374   6,143   7,366  10,604   1,929    23.0     514  10,076    29.8    46.1    86.0     100
  3153445     1.0     1.0    10.0     7.0     6.0     426   3,727   6,301  10,556   3,362    29.0     918  10,076    29.2    65.8    94.9     100
  3158492     1.0     1.0     8.0     4.0     7.0     361   4,149   6,449  10,010   2,997    40.0     609  10,076    39.1    85.4     172     100
  3165315     1.0     0.0     4.0     4.0    10.0     366   4,164   6,795  10,137   3,260    34.0     244  10,076    35.1    54.0     136     100
  3172083     1.0     1.0     6.0     3.0    10.0     413   4,076   6,150  10,100   2,712    44.0   1,124  10,067    32.5    93.2     132     100
  3179000     1.0     1.0     5.0     8.0     8.0     434   5,162   8,127  10,221   3,659    45.0     780  10,066    35.9    66.8     140     100
  3186109     1.0     1.0     4.0     3.0    11.0     386   5,058   7,251  10,222   2,766    40.0     443  10,076    33.3    52.4     153     100
  3193017     1.0     1.0     7.0     4.0     8.0     399   4,721   8,163  10,004   4,184    35.0     632  10,060    37.8    79.1     194    99.0
  3200049     1.0     1.0     3.0    12.0     7.0     411   2,925   7,752  10,379   5,378    41.0     275  10,075    30.8    77.1     161     100
  3200052     1.0     1.0    11.0     4.0     5.0     362   3,254   7,265  10,095   4,578    39.0     780  10,076    36.1    88.5     177    97.0
  3207234     1.0     1.0     7.0    12.0     3.0     430   5,300   9,426  10,283   4,728    50.0     785  10,071    37.2     118     153    99.0
  3207353     1.0     1.0     5.0    17.0     4.0     503   3,279   9,693  10,189   7,176    40.0     376  10,067    36.5    94.7     146     100
  3208346     1.0     1.0     5.0     4.0    11.0     446   4,249   6,900  10,196   3,473    39.0     567  10,053    34.3     120     178     100
  3215373     1.0     0.0     4.0    12.0    10.0     441   3,682   7,785  10,000   4,755    41.0     184  10,076    42.9    69.2     181    97.0
  3222417     1.0     1.0     4.0    12.0     5.0     404   3,727   6,578  10,122   3,421    32.0     499  10,070    33.5    57.8     166     100
  3230535     0.0     1.0    11.0     3.0     5.0     367   3,591   8,141  10,019   5,226    38.0     821  10,076    37.1    87.1     159     100
  3236034     1.0     1.0    10.0    10.0     3.0     490   3,184   7,955  10,431   5,493    46.0   1,057  10,063    29.1     114     112     100
  3243024     1.0     1.0    11.0     5.0     5.0     414   4,204   7,687  10,256   4,143    44.0     898  10,075    32.7     109     169     100
  3243404     0.0     1.0     5.0     3.0     9.0     368   4,219   7,751  10,000   4,190    36.0     738  10,060    40.0    88.7     205     100
  3247647     1.0     1.0    13.0    10.0     3.0     489   3,226   7,982  10,237   5,466    46.0   1,185  10,000    35.2     202     108     100
  3252446     1.0     1.0     7.0    10.0     5.0     457   3,117   7,804  10,149   5,386    29.0     623  10,070    33.2     120     178     100
  3253636     0.0     1.0    11.0     3.0     4.0     400   3,809   6,894  10,000   3,653    51.0   1,262  10,049    40.9     169     184    95.0
  3254907     1.0     1.0    13.0     3.0     7.0     477   5,186  10,905  10,457   6,357    56.0   1,621  10,076    29.7     105     123     100
  3262115     1.0     1.0     7.0    12.0     5.0     457   3,154   6,538  10,198   3,992    38.0     784  10,031    33.9     129     113     100
  3267766     1.0     1.0     8.0     3.0     9.0     412   4,446   7,256  10,462   3,548    45.0     531  10,065    31.4    95.1     137     100
  3276018     1.0     1.0     6.0    13.0     9.0     487   3,755   8,294  10,181   5,160    32.0     681  10,074    32.4    62.1    69.0    99.0
  3284196     1.0     1.0     9.0     3.0     8.0     450   2,896   7,992  10,425   5,810    48.0   1,091  10,076    28.0    90.7    61.6     100
  3292331     0.0     1.0    10.0     3.0     4.0     386   3,377   8,381  10,104   5,697    42.0   1,102  10,035    37.7     148     199     100
  3300583     0.0     1.0     4.0     3.0     9.0     347   5,088   8,400  10,023   4,019    50.0     616  10,072    39.5    98.7     197     100
  3308678     0.0     1.0    16.0     3.0     2.0     403   4,687  10,810  10,130   6,713    46.0   1,737  10,066    36.5     139     184    99.0
  3308690     1.0     1.0     9.0     9.0     6.0     460   2,825   6,661  10,430   4,511    46.0     720  10,072    28.8    94.1     125     100
  3316947     1.0     1.0    11.0     9.0     2.0     455   3,509   7,763  10,342   5,019    36.0   1,058  10,061    31.2     106     112     100
  3316949     0.0     1.0    11.0     3.0     7.0     413   2,751   6,352  10,334   4,179    40.0   1,102  10,070    28.5    79.5     163     100
  3325067     0.0     1.0    10.0     3.0     5.0     364   4,860   8,703  10,029   4,569    46.0     860  10,060    39.6    88.7     194     100
  3325068     1.0     1.0     4.0     8.0     9.0     454   3,261   7,934  10,425   5,485    45.0     380  10,074    29.6    68.9     150     100
  3325074     1.0     1.0     8.0    12.0     2.0     410   4,017   9,984  10,668   6,567    61.0   1,088  10,069    28.3     112     101     100
  3333426     0.0     1.0     5.0     4.0     9.0     374   4,702   5,855  10,558   1,763    26.0     609  10,076    30.0    61.5     105     100
  3342751     1.0     1.0     4.0    14.0     7.0     494   3,291   7,675  10,470   5,054    39.0     320  10,073    28.3    70.3     142     100
  3352052     0.0     0.0     4.0     3.0    10.0     334   4,420   6,645  10,221   2,830    39.0     253  10,076    33.1    44.9     103     100
  3361507     1.0     1.0    11.0     4.0     5.0     429   3,489   7,664  10,184   4,820    41.0   1,055  10,059    36.0     129     156     100
  3361508     1.0     1.0     7.0     9.0     5.0     455   3,553   8,435  10,336   5,646    39.0     681  10,074    30.9    81.2    93.8     100
  3370862     1.0     1.0     9.0    10.0     2.0     428   2,990   8,844  10,181   6,553    35.0     767  10,031    36.3     155     187    95.0
  3380131     0.0     1.0     8.0     3.0     7.0     368   4,190   7,678  10,058   4,091    35.0     834  10,073    35.1    91.5     186     100
  3388395     1.0     1.0     7.0     3.0     9.0     432   4,427   7,512  10,401   3,708    43.0   1,022  10,073    28.5    98.8     153    97.0
  3388403     0.0     1.0    11.0     2.0     5.0     394   2,713   7,030  10,121   4,864    29.0   1,381  10,053    33.3     155     177    96.0
  3388406     1.0     1.0     4.0    17.0     3.0     445   3,762   9,680  10,438   6,557    41.0     385  10,074    30.5    51.5     173     100
  3395640     0.0     1.0    10.0     3.0     5.0     390   4,169   8,588  10,000   5,161    46.0     828  10,046    39.6     118     196    98.0
  3395642     1.0     1.0     6.0     9.0     4.0     374   5,462   8,832  10,324   3,873    43.0     764  10,077    32.5    75.1     145    98.0
  3402557     1.0     1.0     4.0     9.0     6.0     356   3,536   7,529  10,000   4,617    37.0     212  10,076    38.7    61.8     199     100
  3409426     1.0     1.0    11.0     3.0     4.0     364   3,261   6,811  10,219   4,152    32.0     984  10,076    32.8     106     171    99.0
  3416336     1.0     1.0     7.0    10.0     4.0     366   3,257   7,896  10,295   5,397    32.0     451  10,076    33.1    70.1     128     100
  3422370     1.0     0.0     4.0    14.0     7.0     442   3,510   7,138  10,116   4,455    30.0     200  10,076    35.5    70.0     116     100
  3428053     0.0     1.0     9.0     3.0     7.0     396   4,494   5,370  10,025   1,486    37.0   1,185  10,068    37.3     109     183     100
  3428060     1.0     1.0    11.0     8.0     5.0     434   4,929   8,606  10,157   4,478    30.0   1,029  10,063    36.4     108     166    98.0
  3433808     1.0     1.0     6.0    10.0     5.0     411   2,905   7,161  10,668   4,960    39.0     472  10,072    28.1    59.9     149     100
  3439547     1.0     1.0     6.0    12.0     5.0     465   3,186   7,842  10,321   5,387    38.0     529  10,071    30.0    74.7    78.3     100
  3445192     1.0     1.0     7.0     6.0     8.0     385   4,947   8,098  10,055   3,854    31.0     549  10,076    35.7    67.4     136     100
  3448969     1.0     1.0     4.0    10.0     6.0     373   3,754   7,376  10,155   4,210    31.0     206  10,076    33.5    64.3     196    98.0
  3454384     1.0     1.0     6.0    12.0     3.0     398   4,871   6,653  10,227   2,374    40.0     895  10,069    34.3    92.3     174     100
  3459189     1.0     1.0     8.0    10.0     3.0     411   3,972   7,946  10,259   4,594    30.0     686  10,067    32.3    92.2     174     100
  3461103     1.0     1.0     7.0    10.0     4.0     426   4,475   9,610  10,278   5,847    36.0     797  10,064    34.2     111     109     100
  3466118     1.0     1.0    11.0     6.0     7.0     452   3,189   6,731  10,193   4,296    33.0     807  10,063    32.4     103     137    98.0
  3470862     1.0     1.0     8.0    10.0     2.0     408   3,020   5,908  10,158   3,490    28.0   1,058  10,076    32.5    87.6     158    95.0
  3476866     1.0     1.0    11.0     4.0     6.0     397   3,335   8,027  10,432   5,439    35.0     759  10,076    30.6     107     141    98.0
  3478044     1.0     1.0     8.0    17.0     2.0     506   3,102   8,867  10,423   6,567    38.0     706  10,034    30.7     132     113     100
  3483150     1.0     1.0     7.0    10.0     3.0     351   4,349   9,019  10,215   5,248    37.0     446  10,070    37.2    80.8     165     100
  3488903     0.0     1.0     6.0     4.0     8.0     335   4,898   8,081  10,048   3,912    30.0     517  10,076    36.4    59.4     127    97.0
  3492525     0.0     1.0     4.0     4.0    10.0     382   4,254  10,061  10,296   6,539    45.0     467  10,070    30.8     122     181    97.0
  3498341     1.0     1.0     7.0    12.0     4.0     446   2,835   7,396  10,299   5,187    38.0     623  10,064    33.0    97.7     123     100
  3503353     1.0     1.0     4.0    12.0     7.0     421   2,803   6,960  10,294   4,815    38.0     412  10,065    31.9    71.4     161     100
  3508987     1.0     1.0     6.0    10.0     4.0     401   3,801   8,467  10,320   5,327    37.0     668  10,045    32.0     135     175     100
  3514650     0.0     1.0    13.0     3.0     2.0     396   3,769   9,204  10,083   6,120    49.0   1,068  10,031    39.0     158     189     100
  3519434     1.0     1.0     4.0    22.0     2.0     556   2,859   8,669  10,378   6,478    38.0     511  10,029    32.0     140    69.0    98.0
  3519751     0.0     1.0    10.0     3.0     6.0     408   4,058   7,658  10,307   4,359    36.0   1,034  10,050    33.9     108     134     100
  3525471     0.0     1.0     7.0     3.0     8.0     379   3,668   7,163  10,041   4,236    30.0     435  10,055    35.1    94.1     177    96.0
  3531265     1.0     1.0     4.0    15.0     5.0     459   3,816   8,781  10,269   5,637    37.0     376  10,076    34.9    55.1     145     100
  3531266     0.0     1.0     8.0     3.0     7.0     354   3,497   6,944  10,110   4,115    34.0     559  10,076    34.0    82.1     169     100
  3537105     1.0     1.0     9.0    10.0     2.0     416   3,380   7,920  10,180   5,182    27.0     910  10,064    33.9    99.4     133    98.0
  3543006     1.0     1.0    10.0    13.0     6.0     470   3,567   7,995  10,317   5,305    38.0     602  10,073    34.7    85.6     132    99.0
  3548972     0.0     1.0    11.0     3.0     5.0     414   3,284   8,161  10,451   5,519    42.0     881  10,051    28.0     131     107     100
  3554846     1.0     1.0     7.0    11.0     5.0     453   4,299   9,486  10,254   5,900    35.0   1,020  10,054    32.0     162    79.4    97.0
  3560712     1.0     1.0     6.0    12.0     5.0     490   2,598   7,365  10,532   5,441    45.0     535  10,041    27.8     119    78.1     100
  3560713     1.0     1.0    10.0     6.0     4.0     355   3,580   8,443  10,111   5,494    32.0     677  10,076    36.6    74.4     183     100
  3566650     1.0     1.0     7.0     3.0     8.0     384   3,849   8,294  10,048   5,139    37.0     654  10,054    36.3     112     147    97.0
  3573320     1.0     1.0     6.0    12.0     3.0     441   3,028   8,638  10,527   6,306    40.0     471  10,065    28.7    71.6     145    99.0
  3573323     1.0     1.0     4.0    14.0     7.0     453   3,054   8,052  10,211   5,806    33.0     247  10,076    33.8    62.0     145     100
  3579410     0.0     1.0     4.0     3.0     8.0     294   3,640   6,663  10,000   3,613    26.0     228  10,076    40.7    53.3     166    96.0
  3585379     1.0     1.0     6.0    11.0     4.0     407   3,527   8,507  10,224   5,597    34.0     410  10,061    34.3     101     168    99.0
  3585388     1.0     1.0     4.0    17.0     3.0     413   3,105   8,081  10,334   5,656    34.0     342  10,076    32.9    95.4     131     100
  3592108     0.0     1.0    11.0     2.0     5.0     381   5,315   9,491  10,089   4,928    46.0   1,202  10,067    38.5     120     183     100
  3598181     0.0     1.0     8.0     4.0     6.0     339   4,675   7,854  10,152   3,800    27.0     679  10,070    33.3    79.6     163    97.0
  3598184     1.0     1.0     7.0    11.0     2.0     338   4,218  11,179  10,666   7,648    41.0     727  10,076    27.4    68.2    84.1    98.0
  3605170     1.0     1.0    10.0    18.0     2.0     516   3,005   8,092  10,500   5,856    32.0     697  10,020    29.9     194     175     100
  3612093     1.0     1.0     4.0    17.0     3.0     455   4,181   9,220  10,586   5,746    44.0     345  10,076    28.3    50.1    73.3    96.0
  3619312     0.0     1.0     6.0     3.0     7.0     316   4,256   8,303  10,000   4,661    33.0     409  10,072    40.1    61.0     164    98.0
  3619322     1.0     1.0     6.0    11.0     4.0     380   4,255   9,014  10,424   5,365    39.0     660  10,061    29.8    98.0    65.9    95.0
  3626776     1.0     1.0     4.0    16.0     7.0     517   3,110   9,223  10,545   6,885    44.0     326  10,075    28.5    65.5    68.9     100
  3634861     0.0     1.0     6.0     3.0     8.0     356   3,586   8,505  10,133   5,590    37.0     351  10,070    36.4    82.0     176     100
  3642006     1.0     1.0    11.0     3.0     6.0     373   4,198   7,852  10,000   4,381    42.0     771  10,076    40.5    88.1     153     100
  3650166     1.0     1.0    14.0    10.0     2.0     489   4,447   9,694  10,211   5,956    36.0   1,711  10,006    37.2     214     197    96.0
  3658224     1.0     1.0     6.0     4.0     7.0     362   5,209   8,868  10,000   4,333    30.0     852  10,057    38.1    84.4     175    96.0
  3665356     0.0     1.0     7.0     3.0     7.0     338   3,948   8,567  10,000   5,189    27.0     719  10,070    38.7    90.9     178     100
  3672434     1.0     1.0     7.0     3.0     9.0     436   2,898   5,471  10,570   3,234    34.0     672  10,055    26.0     127     132     100
  3679426     1.0     0.0     4.0    10.0     6.0     354   4,481   8,243  10,000   4,505    31.0     245  10,076    39.7    49.3     199    95.0
  3680198     1.0     1.0     9.0    11.0     5.0     460   2,701   7,840  10,428   5,838    37.0     702  10,073    30.1    98.2     111    97.0
  3687501     0.0     1.0    15.0     3.0     4.0     471   4,893   9,032  10,188   4,928    48.0   2,107  10,029    35.8     161     139     100
  3694739     1.0     1.0     6.0    10.0     4.0     416   3,675   9,111  10,420   6,132    41.0     576  10,068    33.3    73.2     150    97.0
  3702806     1.0     1.0     8.0     7.0     9.0     474   2,905   6,598  10,242   4,376    32.0     547  10,064    31.7    90.6     151    98.0
  3710997     1.0     1.0     7.0    11.0     5.0     456   2,936   8,123  10,366   5,819    36.0     488  10,071    29.7    74.1     154     100
  3718271     1.0     1.0    10.0     3.0     6.0     346   3,736   9,033  10,576   5,913    44.0     562  10,076    29.9    74.9     142     100
  3725041     1.0     1.0     5.0    21.0     3.0     514   5,342   8,443  10,344   3,873    34.0     943  10,076    32.2    52.1    96.5    99.0
  3726340     1.0     1.0     4.0     9.0     8.0     407   3,527   7,201  10,541   4,559    38.0     336  10,076    27.8    55.4    85.6     100
  3734520     0.0     1.0    10.0     3.0     5.0     391   3,936   8,680  10,320   5,518    44.0   1,023  10,052    31.8     139     125     100
  3734523     1.0     1.0    10.0     6.0     6.0     397   3,793   7,544  10,375   4,514    33.0     703  10,071    33.5    84.5     131     100
  3742820     0.0     1.0    10.0     3.0     5.0     348   3,969   7,964  10,254   4,650    34.0     764  10,070    34.6    88.0     174    99.0
  3751093     1.0     1.0    14.0     6.0     2.0     419   4,083   7,453  10,141   4,098    41.0   1,438  10,069    38.6    94.4     165     100
  3759355     1.0     1.0     4.0    11.0     8.0     450   3,688   8,652  10,504   5,834    42.0     293  10,076    29.8    57.3    55.0    99.0
  3768699     1.0     1.0     3.0    12.0    10.0     450   3,521   7,588  10,145   4,707    44.0     390  10,076    37.3    47.2     178     100
  3768701     0.0     1.0     4.0     3.0     8.0     310   5,134   6,604  10,000   2,150    29.0     447  10,076    39.2    26.8     183     100
  3776851     1.0     1.0     9.0    11.0     2.0     453   4,842   9,437  10,230   5,352    28.0   1,333  10,064    35.0    96.4     181    97.0

  [ALL] n=359  (median per game)
    herd  COW    7  SHEEP    5  GOOSE    6
    WHEAT fed  414.0  bought 3497.0  harvested 3873.0  sold 6786.0  plants  38
    WHEAT mkt-inv max  10117  px@sell   35.3
    MILK  sold  720.0  mkt-inv max  10073  px@sell   87.3  floor u     0
    SHED  max  100   money $  109,773

  [YARN] n=238  (median per game)
    herd  COW    7  SHEEP   10  GOOSE    6
    WHEAT fed  434.0  bought 3379.0  harvested 4258.0  sold 6975.0  plants  38
    WHEAT mkt-inv max  10157  px@sell   34.7
    MILK  sold  681.0  mkt-inv max  10075  px@sell   84.4  floor u     0
    SHED  max  100   money $  109,128

  [no-YARN] n=121  (median per game)
    herd  COW    8  SHEEP    3  GOOSE    7
    WHEAT fed  394.0  bought 3769.0  harvested 3171.0  sold 6204.0  plants  36
    WHEAT mkt-inv max  10035  px@sell   36.5
    MILK  sold  829.0  mkt-inv max  10070  px@sell   97.1  floor u     0
    SHED  max  100   money $  112,703

  [MILK-shop] n=347  (median per game)
    herd  COW    7  SHEEP    5  GOOSE    6
    WHEAT fed  414.0  bought 3498.0  harvested 3869.0  sold 6786.0  plants  38
    WHEAT mkt-inv max  10117  px@sell   35.3
    MILK  sold  733.0  mkt-inv max  10072  px@sell   88.2  floor u     0
    SHED  max  100   money $  109,773

  [no-MILK-shop] n=12  (median per game)
    herd  COW    4  SHEEP    6  GOOSE   10
    WHEAT fed  386.0  bought 3436.0  harvested 4435.0  sold 6795.0  plants  41
    WHEAT mkt-inv max  10116  px@sell   36.2
    MILK  sold  248.0  mkt-inv max  10076  px@sell   55.8  floor u    72
    SHED  max  100   money $  110,355
