
===== ours[diag-replays/v1-us]  (replay games sampled: 96) =====
day | max_shed end_shed weeds_max plants_fert | animals_fed
herd endgame: COW 4.3  SHEEP 3.8  GOOSE 2.7
price-at-sell (qty-weighted): MILK=176.5(q10022)  STRAWBERRY=133.1(q8882)  MELON=190.9(q2910)  WOOL=208.7(q8371)  EGG=54.2(q5883)

===== dsm  (replay games sampled: 96) =====
day | max_shed end_shed weeds_max plants_fert | animals_fed
  0 |     13.4      0.7      0.00         0.0 |         2.0
  1 |      8.0      2.2      0.00         0.0 |         5.0
  2 |      4.5      0.6      0.00         0.0 |         4.1
  3 |      7.3      0.9      0.00         0.0 |         8.1
  4 |      8.3      2.7      0.00         0.0 |         8.7
  5 |     12.4      6.1      0.01         0.0 |        10.3
  6 |     24.3      2.2      0.00         0.0 |        10.5
  7 |     11.4      6.0      0.02         0.0 |        14.5
  8 |     25.3     11.7      0.01         0.0 |        15.0
  9 |     44.6     16.0      0.08         0.0 |        18.8
 10 |     58.5     21.3      0.02         1.5 |        19.1
 11 |     71.7      9.6      0.11         4.2 |        19.8
 12 |     61.4      8.8      0.06         6.7 |        19.3
 13 |     78.2      8.8      0.13         8.4 |        20.0
 14 |     73.0      5.0      0.16         6.3 |        18.8
 15 |     78.0      7.1      0.17        18.3 |        18.7
 16 |     77.1      9.0      0.26         8.7 |        17.9
 17 |     79.5      7.8      0.21         9.2 |        18.9
 18 |     81.8      8.6      0.25         9.8 |        15.9
 19 |     85.2     11.1      0.32        18.1 |        18.2
 20 |     84.0     12.0      1.04         8.4 |        17.4
 21 |     86.4     16.0      0.64        11.7 |        16.7
 22 |     86.8     14.1      0.56        12.3 |        16.0
 23 |     90.2     29.5      3.53        10.0 |        18.0
 24 |     92.4     24.0      0.96        15.1 |        14.6
 25 |     93.3     21.9      1.04        13.0 |        16.4
 26 |     92.6     20.2      1.86        13.2 |        15.9
 27 |     91.0     17.0      0.81        15.2 |        13.4
 28 |     84.7     15.3      1.27        10.4 |         8.9
 29 |     76.4      0.3      3.13         4.7 |         0.3
herd endgame: COW 5.9  SHEEP 2.1  GOOSE 7.1
price-at-sell (qty-weighted): MILK=99.7(q73579)  STRAWBERRY=163.4(q34817)  MELON=194.3(q32809)  WOOL=150.8(q30796)  EGG=45.1(q212879)
