
############ herd_hold: Boey (n=96) vs ours (n=96) ############

== herd hold (mean animals / game, mean FEED ops / day) ==  Boey vs ours ==
day |   Boey COW SHEEP GOOSE tot feed esc |   ours COW SHEEP GOOSE tot feed esc
  0 |        0.0   0.0   0.0  0.0  2.0 0.0 |        0.0   0.0   0.0  0.0  0.0 0.0
  1 |        3.0   2.0   0.0  5.0  5.0 0.0 |        2.0   0.0   0.0  2.0  0.0 0.0
  2 |        3.0   2.0   0.0  5.0  4.1 0.0 |        2.0   2.0   0.0  4.0  0.0 0.0
  3 |        3.0   2.0   2.0  7.0  8.1 0.0 |        2.0   2.0   0.0  4.0  0.0 0.0
  4 |        4.2   2.1   2.0  8.4  8.7 0.0 |        2.0   2.0   0.0  4.0  0.0 0.0
  5 |        4.6   2.7   2.5  9.8 10.3 0.0 |        2.0   2.0   0.0  4.0  0.0 0.0
  6 |        4.9   2.8   2.5 10.2 10.5 0.0 |        2.0   2.0   0.0  4.0  0.0 0.0
  7 |        5.9   3.5   4.4 13.9 14.5 0.0 |        2.0   2.0   0.0  4.0  0.0 0.0
  8 |        6.1   3.9   4.9 14.9 15.0 0.0 |        2.0   2.0   0.0  4.0  0.0 0.0
  9 |        6.1   4.6   5.1 15.8 18.8 0.0 |        2.0   2.0   0.0  4.0  0.0 0.0
 10 |        7.1   5.4   7.1 19.7 19.1 0.0 |        3.1   2.6   1.4  7.1  0.0 0.0
 11 |        7.1   5.6   7.2 20.0 19.8 0.0 |        3.9   2.6   2.2  8.8  0.0 0.0
 12 |        7.1   5.8   7.2 20.1 19.3 0.0 |        4.2   3.5   2.5 10.2  0.0 0.0
 13 |        7.2   6.3   7.2 20.8 20.0 0.0 |        4.2   3.5   2.5 10.2  0.0 0.0
 14 |        7.2   6.4   7.2 20.9 18.8 0.0 |        4.2   3.8   2.7 10.7  0.0 0.0
 15 |        7.2   6.4   7.2 20.9 18.7 0.0 |        4.3   3.8   2.7 10.7  0.0 0.0
 16 |        7.2   6.6   7.2 21.1 17.9 0.1 |        4.3   3.8   2.7 10.7  0.0 0.0
 17 |        7.2   6.7   7.2 21.1 18.9 0.0 |        4.3   3.8   2.7 10.7  0.0 0.0
 18 |        7.1   6.7   7.2 21.0 15.9 0.1 |        4.3   3.8   2.7 10.7  0.0 0.0
 19 |        6.9   6.7   7.2 20.8 18.2 0.2 |        4.3   3.8   2.7 10.7  0.0 0.0
 20 |        6.8   6.6   7.2 20.7 17.4 0.2 |        4.3   3.8   2.7 10.7  0.0 0.0
 21 |        6.7   6.6   7.2 20.5 16.7 0.1 |        4.3   3.8   2.7 10.7  0.0 0.0
 22 |        6.5   6.6   7.2 20.3 16.0 0.2 |        4.3   3.8   2.7 10.7  0.0 0.0
 23 |        6.4   6.3   7.2 20.0 18.0 0.3 |        4.3   3.8   2.7 10.7  0.0 0.0
 24 |        6.4   6.3   7.2 19.9 14.6 0.1 |        4.3   3.8   2.7 10.7  0.0 0.0
 25 |        6.3   6.2   7.2 19.8 16.4 0.2 |        4.3   3.8   2.7 10.7  0.0 0.0
 26 |        6.1   5.8   7.2 19.2 15.9 0.6 |        4.3   3.8   2.7 10.7  0.0 0.0
 27 |        6.1   5.7   7.2 19.0 13.4 0.2 |        4.3   3.8   2.7 10.7  0.0 0.0
 28 |        6.0   5.6   7.2 18.8  8.9 0.2 |        4.3   3.8   2.7 10.7  0.0 0.0
 29 |        5.9   2.1   7.1 15.1  0.3 3.8 |        4.3   3.8   2.7 10.7  0.0 0.0

== animal-product selling per game (units @ avg price, floor units, below base) ==  Boey vs ours ==
  WOOL          Boey     282u @  93.1  floor=   27 below=  172  rev=    26216 |   ours       0u @   0.0  floor=    0 below=    0  rev=        0
  MILK          Boey     769u @  78.1  floor=   13 below=  563  rev=    60062 |   ours       0u @   0.0  floor=    0 below=    0  rev=        0
  STRAWBERRY    Boey     369u @ 148.7  floor=    3 below=   74  rev=    54915 |   ours       0u @   0.0  floor=    0 below=    0  rev=        0
  EGG           Boey    2034u @  45.3  floor=    0 below= 1587  rev=    92162 |   ours       0u @   0.0  floor=    0 below=    0  rev=        0
  FLOOR TOT     Boey      43                                        |   ours       0

== carry (season totals per game) ==
  Boey   peak_herd= 21.1 end_herd= 15.1 (C6/S2/G7)  release_day=  18 peak_drop= 0.1  wheat_fed=   421 ($  10531)  animal_rev=$  178439  carry=$  167909  released=  6.2  floor_units=   43
  ours   peak_herd= 10.7 end_herd= 10.7 (C4/S4/G3)  release_day=None peak_drop= 0.0  wheat_fed=     0 ($      0)  animal_rev=$       0  carry=$       0  released=  0.0  floor_units=    0
