
== dsm_flows: 123 games (per game, no averaging) ==
  episode    yarn    milk     cow     shp     gse    fedW    buyW    solW    invW    harW     plW    solM    invM     pxW     pxM     pxS    shed
  2076061     0.0     1.0     7.0     3.0    10.0     362     134     464  10,110     710    33.0     191  10,064    32.5    75.1     160     100
  2077395     0.0     1.0     9.0     3.0     8.0     336     152     673  10,000     898    46.0     208  10,070    41.3     126     224     100
  2078523     1.0     1.0     5.0    12.0     6.0     356     172     447  10,000     654    35.0    74.0  10,076    37.0    59.3     147     100
  2079649     0.0     1.0    10.0     3.0     7.0     339     219     510  10,000     661    35.0     241  10,061    46.9     145     229     100
  2080747     1.0     1.0     7.0     5.0    11.0     369     177     530  10,153     728    34.0     120  10,076    33.7    88.4     130     100
  2081862     1.0     1.0     5.0    30.0     0.0     633     293     345  10,000     694    30.0     111  10,075    42.2    79.6    62.6     100
  2082957     1.0     1.0    10.0     3.0     8.0     345     237     473  10,000     608    28.0     211  10,075    42.9     108     179     100
  2084083     1.0     1.0     5.0    19.0     6.0     530     151     433  10,000     826    37.0     105  10,071    38.6    76.6     140     100
  2085198     1.0     1.0     6.0     3.0    11.0     338     139     699  10,097     918    41.0    86.0  10,076    36.4    65.2     125    98.0
  2086290     1.0     1.0     9.0     3.0     8.0     328     255     570  10,027     671    29.0     173  10,076    36.3    76.7     153     100
  2087432     1.0     1.0     9.0     5.0     8.0     337     187     427  10,000     603    32.0     114  10,076    39.0    72.7     178     100
  2088551     1.0     1.0     8.0     9.0     6.0     364     197     789  10,114   1,006    43.0     166  10,074    34.9    80.4     111     100
  2089672     1.0     1.0    10.0     3.0     8.0     324     229     754  10,039     869    39.0     122  10,076    37.6    88.6     157     100
  2090776     0.0     1.0     8.0     3.0    11.0     388     248     798  10,000     957    36.0     202  10,061    35.6    87.3    91.3     100
  2091909     1.0     1.0     9.0     3.0     7.0     321     272   2,691  10,375   2,796    58.0     187  10,077    34.2    68.0     111     100
  2093028     1.0     1.0    10.0     6.0     7.0     348     311     600  10,148     749    29.0     154  10,076    33.2    84.8    75.9     100
  2094145     0.0     1.0     9.0     3.0     8.0     291     186     632  10,000     755    40.0     111  10,077    39.3    96.0     174     100
  2095282     0.0     1.0    10.0     3.0     7.0     318     180     565  10,000     724    33.0     212  10,064    40.2    76.6     176     100
  2096431     0.0     1.0    10.0     3.0     8.0     368     161     565  10,000     775    38.0     232  10,072    38.2    88.9    92.9     100
  2097559     0.0     1.0    12.0     3.0     6.0     377     237     461  10,028     631    33.0     313  10,073    34.4     128     193     100
  2098715     1.0     1.0    12.0     3.0     7.0     408     244     502  10,000     704    38.0     306  10,067    40.4     133     169     100
  2099838     0.0     1.0     7.0     3.0    10.0     372     153     763  10,074     999    37.0     189  10,058    35.2    74.6     169     100
  2100189     0.0     1.0     6.0     3.0    11.0     325     183     428  10,000     588    29.0     138  10,066    39.2    58.6     127     100
  2101020     0.0     1.0    17.0     3.0     3.0     393     137     624  10,018     899    41.0     397  10,076    38.0     137     130     100
  2102192     1.0     1.0     9.0     9.0     5.0     412     176     560  10,149     818    38.0     253  10,048    32.1     119     137     100
  2103282     1.0     1.0     9.0     9.0     5.0     341     194     468  10,084     634    34.0     123  10,076    33.9     106    95.8     100
  2103481     1.0     1.0     6.0     3.0    11.0     357     177     528  10,000     727    37.0     126  10,076    39.1    49.2     138     100
  2104087     1.0     1.0     9.0     3.0     8.0     346     193     482  10,000     661    35.0     228  10,076    43.2     101     204     100
  2104473     1.0     1.0     6.0    11.0     5.0     368     186     600  10,133     798    36.0     154  10,064    33.5    65.2     120     100
  2105649     1.0     1.0     5.0    12.0     8.0     399     264     816  10,215   1,034    44.0    85.0  10,076    31.1    56.1     119     100
  2106757     1.0     1.0     7.0     3.0    10.0     364     210     424  10,059     605    31.0     191  10,058    35.0    72.3     197     100
  2107828     1.0     0.0     5.0    19.0     0.0     350     216     501  10,015     680    33.0    54.0  10,076    35.7    59.6     106     100
  2109015     0.0     1.0     9.0     3.0     8.0     304     324     454  10,000     545    31.0     148  10,076    37.4    80.8     158     100
  2110166     0.0     1.0     6.0     3.0    11.0     336     180   1,300  10,139   1,464    43.0     121  10,076    36.1    42.3    97.9     100
  2111302     1.0     1.0     6.0    15.0     5.0     466     156     430  10,006     762    31.0     139  10,074    37.3    69.7     138     100
  2112415     0.0     1.0     6.0     3.0    11.0     315     188     675  10,013     826    46.0    80.0  10,076    38.2    45.4     124     100
  2113563     0.0     1.0     8.0     3.0    11.0     354     196     756  10,006     935    38.0     168  10,063    35.6    64.2    71.4     100
  2114778     0.0     1.0    16.0     3.0     3.0     366     133     571  10,000     833    41.0     354  10,077    40.1     115     136     100
  2115893     0.0     1.0     9.0     3.0     8.0     302     163     958  10,096   1,120    52.0     112  10,076    36.0    69.2     130     100
  2117053     1.0     1.0     9.0     9.0     3.0     400     307     651  10,319     882    43.0     232  10,071    31.0    89.1     186     100
  2118205     1.0     1.0    10.0    14.0     8.0     466     166     578  10,056     894    39.0     111  10,076    36.0    96.6    93.3     100
  2119437     1.0     1.0     9.0     3.0     8.0     375     290     885  10,066   1,079    47.0     241  10,076    37.2    96.1     148     100
  2120563     0.0     1.0     7.0     3.0    11.0     327     173     828  10,138     987    37.0    81.0  10,076    32.1    50.1    95.3     100
  2121668     1.0     0.0     5.0    21.0     1.0     473     211     625  10,157     923    40.0    48.0  10,076    31.2    68.4    71.0     100
  2122745     0.0     1.0     9.0     3.0     8.0     328     177     598  10,026     771    46.0     182  10,076    37.2    73.4     154     100
  2123892     1.0     1.0    15.0     9.0     3.0     477     211     481  10,109     771    35.0     380  10,000    32.9     226     152     100
  2124393     1.0     1.0     8.0    18.0     0.0     440     265     460  10,029     681    34.0     215  10,048    32.6     110     130     100
  2125078     0.0     1.0     7.0     3.0    11.0     336     139     412  10,370     637    28.0    86.0  10,076    26.4    33.9    83.7     100
  2126310     1.0     1.0     5.0    12.0     7.0     400     167     647  10,214     895    40.0     119  10,073    33.6    93.6     113     100
  2126930     1.0     1.0    10.0    10.0     3.0     415     213     403  10,369     634    30.0     247  10,076    26.1    75.0     101     100
  2127544     0.0     1.0     7.0     3.0    10.0     376     135     420  10,267     686    33.0     197  10,060    29.3     109     159     100
  2128129     1.0     1.0     9.0    14.0     6.0     454     193     529  10,271     861    36.0     160  10,066    29.0    84.9    58.8     100
  2128807     1.0     1.0     5.0    12.0     6.0     386     215     382  10,072     570    26.0     130  10,059    33.2    78.4     130     100
  2129940     1.0     1.0     9.0    17.0     3.0     437     192     544  10,000     820    44.0     200  10,064    44.8     116     183     100
  2131227     0.0     1.0    15.0     3.0     3.0     321     143     648  10,262     843    44.0     313  10,076    31.7     106     156     100
  2132387     1.0     1.0     5.0    11.0     6.0     373     183     856  10,326   1,072    44.0     138  10,073    29.1    75.0    82.7     100
  2133630     1.0     1.0     6.0    11.0     5.0     430     181     534  10,113     810    33.0     171  10,059    33.6    71.6     136     100
  2134028     1.0     1.0    11.0     3.0     7.0     381     153     500  10,014     751    35.0     284  10,061    35.8     117     130     100
  2134840     1.0     1.0    12.0     3.0     6.0     350     213     643  10,289     824    40.0     258  10,065    30.4     109     142     100
  2135978     0.0     1.0     7.0     3.0    10.0     335     191     559  10,000     730    36.0     170  10,064    40.2    71.6     146     100
  2137191     0.0     1.0    12.0     3.0     6.0     391     158     487  10,127     745    38.0     326  10,070    33.5     123     130     100
  2138319     0.0     1.0     9.0     3.0     8.0     307     174     462  10,000     625    32.0     186  10,073    38.9    90.6     160     100
  2139489     1.0     1.0    12.0     6.0     7.0     454     126     565  10,045     927    43.0     313  10,052    37.5     125     123     100
  2140669     0.0     1.0    11.0     3.0     7.0     342     201     607  10,000     776    38.0     258  10,062    44.5     124     148     100
  2141860     1.0     1.0    12.0     4.0     6.0     360     200     525  10,000     719    35.0     254  10,072    37.0     117     162     100
  2143147     1.0     1.0    10.0     9.0     3.0     379     228     721  10,399     905    42.0     234  10,077    27.7    72.2    76.4     100
  2144324     1.0     1.0    11.0    13.0     3.0     485     167     503  10,022     849    35.0     288  10,060    36.5     135     156     100
  2145507     1.0     1.0     5.0    18.0     1.0     371     222     557  10,000     752    33.0     109  10,068    40.5    57.6     196     100
  2146688     1.0     1.0     9.0     9.0     4.0     370     181     653  10,164     864    47.0     206  10,063    34.3     125     136     100
  2147917     1.0     1.0     8.0    10.0     5.0     411     161     528  10,200     805    35.0     219  10,018    31.0     156     171     100
  2149121     1.0     1.0    11.0     7.0     7.0     398     161     330  10,092     588    27.0     238  10,066    35.7    87.8     136     100
  2150314     0.0     1.0    10.0     3.0     7.0     346     195     606  10,000     796    42.0     253  10,048    44.3     117     194     100
  2151448     1.0     1.0    11.0    10.0     3.0     386     177     626  10,043     868    37.0     246  10,065    38.2     100     174     100
  2152603     1.0     1.0    11.0     6.0     7.0     374     135     562  10,107     818    37.0     224  10,066    36.3    97.1     117     100
  2152817     0.0     1.0    16.0     3.0     3.0     359     140     530  10,178     762    38.0     356  10,076    33.0     123     108    97.0
  2152820     1.0     1.0     6.0    12.0     5.0     385     215     380  10,128     572    31.0     180  10,040    31.5     141     109     100
  2153779     0.0     1.0     7.0     3.0    10.0     348     214     577  10,000     744    40.0     183  10,056    40.5    91.7     215     100
  2154939     0.0     1.0    13.0     3.0     5.0     334     133     605  10,063     831    42.0     279  10,068    33.2     104     116     100
  2156089     1.0     1.0     8.0    10.0     5.0     394     137     604  10,175     879    38.0     221  10,044    32.7     117     130    95.0
  2157481     1.0     1.0    10.0    15.0     3.0     452     181     628  10,204     937    39.0     188  10,070    34.2    96.3     104     100
  2163366     0.0     1.0     9.0     3.0    10.0     389     163     552  10,000     796    33.0     229  10,049    36.7     101     154     100
  2169201     0.0     1.0    15.0     3.0     3.0     328     201     636  10,130     803    43.0     309  10,077    35.8     106     184    99.0
  2170306     1.0     1.0    14.0     3.0     3.0     312     184     719  10,321     880    40.0     261  10,076    33.7     113     165     100
  2175311     0.0     1.0    14.0     3.0     5.0     396     214     586  10,000     808    37.0     364  10,049    43.0     153     198     100
  2176039     1.0     1.0     9.0    20.0     0.0     435     149     551  10,212     861    37.0     218  10,055    31.2     101    74.3     100
  2180931     0.0     1.0    10.0     3.0     9.0     354     189     737  10,083     919    42.0     204  10,068    38.8    74.7     126     100
  2181172     0.0     1.0     6.0     3.0    11.0     337     121     565  10,041     797    40.0     133  10,067    37.0    63.9     200    97.0
  2187659     0.0     1.0    10.0     3.0     9.0     398     161     490  10,056     760    34.0     279  10,059    34.4    93.6     128    99.0
  2194373     0.0     1.0     8.0     3.0     9.0     359     188     421  10,000     620    31.0     224  10,042    42.1     153     215     100
  2200692     1.0     1.0    11.0    12.0     7.0     470     126     681  10,094   1,052    45.0     241  10,058    39.1     102     121     100
  2207248     1.0     1.0     9.0     3.0     9.0     356     195     583  10,171     780    40.0     177  10,075    31.5    81.9     170     100
  2212742     1.0     1.0    14.0     6.0     5.0     391     138     563  10,085     845    42.0     283  10,073    34.6     109     148     100
  2212743     1.0     1.0    13.0    10.0     3.0     430     143     555  10,093     854    38.0     282  10,069    35.8     117     167    96.0
  2218497     1.0     1.0     6.0    11.0     5.0     407     200     456  10,000     683    36.0     152  10,061    40.2    82.9     135     100
  2225424     1.0     1.0     5.0    18.0     1.0     439     218     444  10,388     684    32.0     157  10,052    26.3     102    79.5     100
  2232283     1.0     1.0    15.0     6.0     3.0     365     201     583  10,098     786    40.0     295  10,076    35.5     108     128     100
  2239177     1.0     1.0     7.0    18.0     1.0     451     194     595  10,369     886    38.0     187  10,015    27.4     193    81.4     100
  2245955     0.0     1.0    12.0     3.0     6.0     321     143     747  10,359     954    41.0     245  10,076    30.8    97.5     117     100
  2252285     0.0     1.0     5.0     3.0    11.0     332     150     630  10,390     846    39.0     114  10,075    27.2    41.9     143     100
  2255699     1.0     1.0    14.0    11.0     2.0     471     185     542  10,227     846    37.0     300  10,063    32.6     116     171    96.0
  2262072     1.0     1.0    10.0    10.0     3.0     407     157     452  10,144     742    33.0     230  10,071    33.4    75.8     103     100
  2268530     1.0     1.0    10.0     7.0     8.0     373     193     405  10,084     622    27.0     180  10,076    33.2     107     131     100
  2275602     0.0     1.0    11.0     3.0     7.0     375     155     600  10,344     834    35.0     275  10,069    28.8    99.9     117    99.0
  2282976     1.0     0.0     5.0    14.0     5.0     403     193     542  10,105     778    37.0    56.0  10,076    33.5    75.6     144     100
  2290478     1.0     1.0     7.0     3.0    11.0     355     156     502  10,207     728    32.0     139  10,076    27.9    69.1     121     100
  2298128     0.0     1.0    11.0     3.0     7.0     372     181     565  10,044     793    39.0     278  10,067    38.6     156     125     100
  2298198     1.0     0.0     5.0    16.0     7.0     431     184     491  10,163     783    34.0    59.0  10,076    32.0    66.3     145     100
  2305594     0.0     1.0    10.0     3.0     9.0     336     164     592  10,115     797    35.0     166  10,076    31.2    75.6    64.0     100
  2312507     0.0     1.0     7.0     3.0    12.0     398     195     456  10,007     703    34.0     206  10,051    33.4     133     149     100
  2312667     1.0     1.0    11.0     9.0     3.0     392     185     548  10,179     780    37.0     204  10,076    30.6     119     167     100
  2319629     1.0     0.0     5.0    18.0     1.0     366     162     638  10,581     869    45.0    48.0  10,076    25.0    59.6    83.2     100
  2326822     1.0     1.0     5.0    11.0     7.0     403     160     506  10,071     776    34.0     108  10,072    33.5    76.7     121     100
  2334226     1.0     1.0     9.0     5.0     8.0     366     133     745  10,366   1,007    46.0     190  10,071    29.6    85.9     119     100
  2342409     1.0     1.0    14.0    11.0     2.0     450     145     494  10,361     816    37.0     252  10,073    27.7     102     106    95.0
  2346082     1.0     1.0     9.0     4.0     8.0     355     122     523  10,096     774    40.0     191  10,075    33.9    77.6     135     100
  2353528     1.0     1.0     5.0    16.0     1.0     398     169     613  10,296     851    36.0     157  10,057    28.3    83.6     170    99.0
  2361804     1.0     1.0    15.0     7.0     3.0     413     206     515  10,227     768    38.0     294  10,070    32.8     120     163     100
  2370239     1.0     1.0     9.0     3.0     8.0     314     210     539  10,000     666    30.0     173  10,076    38.9    71.5     150     100
  2378715     0.0     1.0     9.0     3.0     8.0     307     136     609  10,320     800    43.0     134  10,076    29.3    56.4     128     100
  2386948     1.0     1.0     6.0    12.0    11.0     426     139     566  10,058     878    42.0     125  10,073    35.2    54.7     115     100
  2396243     1.0     1.0     6.0    11.0     5.0     438     212     644  10,640     906    40.0     146  10,076    25.7    48.9    76.3     100
  2404753     0.0     1.0    10.0     3.0     6.0     328     220     493  10,000     635    35.0     250  10,068    39.5    94.2     197     100
  2413080     1.0     1.0     8.0     9.0     6.0     397     209     472  10,186     686    30.0     221  10,062    30.4     105     194     100

  [ALL] n=123  (median per game)
    herd  COW    9  SHEEP    4  GOOSE    7
    WHEAT fed  372.0  bought 183.0  harvested  796.0  sold  562.0  plants  37
    WHEAT mkt-inv max  10092  px@sell   34.6
    MILK  sold  191.0  mkt-inv max  10071  px@sell   90.6  floor u     0
    SHED  max  100   money $  110,708

  [YARN] n=78  (median per game)
    herd  COW    9  SHEEP   10  GOOSE    6
    WHEAT fed  394.0  bought 187.0  harvested  805.0  sold  544.0  plants  37
    WHEAT mkt-inv max  10109  px@sell   33.7
    MILK  sold  187.0  mkt-inv max  10073  px@sell   88.6  floor u     0
    SHED  max  100   money $  114,871

  [no-YARN] n=45  (median per game)
    herd  COW    9  SHEEP    3  GOOSE    8
    WHEAT fed  339.0  bought 174.0  harvested  796.0  sold  586.0  plants  38
    WHEAT mkt-inv max  10026  px@sell   36.7
    MILK  sold  206.0  mkt-inv max  10069  px@sell   93.6  floor u     0
    SHED  max  100   money $  108,656

  [MILK-shop] n=118  (median per game)
    herd  COW    9  SHEEP    3  GOOSE    7
    WHEAT fed  372.0  bought 183.0  harvested  797.0  sold  563.0  plants  37
    WHEAT mkt-inv max  10085  px@sell   35.0
    MILK  sold  200.0  mkt-inv max  10071  px@sell   93.6  floor u     0
    SHED  max  100   money $  110,708

  [no-MILK-shop] n=5  (median per game)
    herd  COW    5  SHEEP   18  GOOSE    1
    WHEAT fed  403.0  bought 193.0  harvested  783.0  sold  542.0  plants  37
    WHEAT mkt-inv max  10157  px@sell   32.0
    MILK  sold   54.0  mkt-inv max  10076  px@sell   66.3  floor u    10
    SHED  max  100   money $  119,423
