
===== ours[diag-replays/v1-us]  (replay games sampled: 96) =====
day | max_shed end_shed weeds_max plants_fert | animals_fed
herd endgame: COW 4.3  SHEEP 3.8  GOOSE 2.7
price-at-sell (qty-weighted): MILK=176.5(q10022)  STRAWBERRY=133.1(q8882)  MELON=190.9(q2910)  WOOL=208.7(q8371)  EGG=54.2(q5883)

===== dsm  (replay games sampled: 96) =====
day | max_shed end_shed weeds_max plants_fert | animals_fed
  0 |      8.0      0.0      0.00         0.0 |         4.0
  1 |      4.0      0.0      0.02         0.0 |         5.0
  2 |      5.0      0.0      0.01         0.0 |         3.0
  3 |     11.4      0.0      0.01         0.0 |         5.1
  4 |     12.4      4.2      0.00         0.0 |         5.5
  5 |      7.6      2.7      0.00         0.0 |         5.1
  6 |      9.5      0.7      0.00         0.0 |         6.5
  7 |      6.3      0.3      0.06         0.0 |        13.1
  8 |     16.0      3.4      0.00         0.0 |        10.0
  9 |     24.1      1.6      0.00         0.0 |        13.9
 10 |     51.2     28.9      0.08         3.4 |        19.3
 11 |     74.2      5.4      0.08        11.5 |        18.6
 12 |     63.4      2.4      0.29         9.1 |        19.7
 13 |     81.3      4.5      0.62         7.6 |        21.8
 14 |     88.2      8.6      0.42         9.9 |        21.2
 15 |     91.1      4.8      0.68        12.6 |        19.8
 16 |     91.4      4.8      0.74        10.3 |        19.2
 17 |     88.4      6.7      0.73        10.5 |        20.2
 18 |     88.2      6.6      0.77        12.1 |        15.1
 19 |     85.7      7.9      1.05        13.7 |        19.0
 20 |     87.5      7.6      1.90        13.6 |        15.3
 21 |     90.6     10.7      1.86        16.8 |        16.1
 22 |     89.9      8.0      1.49        13.7 |        13.5
 23 |     91.8      9.7      4.05        15.2 |        17.1
 24 |     93.1     10.1      3.14        17.3 |        12.1
 25 |     91.7     10.2      2.53        15.6 |        14.8
 26 |     93.5      7.0      3.21        14.7 |        11.9
 27 |     92.8      9.7      4.00        15.0 |        10.8
 28 |     91.5     18.9      5.94        13.6 |         3.0
 29 |     83.8      2.5     10.44         0.4 |         0.2
herd endgame: COW 6.2  SHEEP 0.9  GOOSE 4.9
price-at-sell (qty-weighted): MILK=103.2(q19231)  STRAWBERRY=151.1(q21657)  MELON=202.4(q5790)  WOOL=147.2(q15158)  EGG=48.4(q21716)
