
############ herd_hold: DSM (n=96) vs ours (n=96) ############

== herd hold (mean animals / game, mean FEED ops / day) ==  DSM vs ours ==
day |    DSM COW SHEEP GOOSE tot feed esc |   ours COW SHEEP GOOSE tot feed esc
  0 |        0.0   0.0   0.0  0.0  4.0 0.0 |        0.0   0.0   0.0  0.0  0.0 0.0
  1 |        2.0   3.0   0.0  5.0  5.0 0.0 |        2.0   0.0   0.0  2.0  0.0 0.0
  2 |        2.0   3.0   0.0  5.0  3.0 0.0 |        2.0   2.0   0.0  4.0  0.0 0.0
  3 |        2.0   3.0   0.0  5.0  5.1 0.0 |        2.0   2.0   0.0  4.0  0.0 0.0
  4 |        2.0   3.0   0.0  5.0  5.5 0.0 |        2.0   2.0   0.0  4.0  0.0 0.0
  5 |        2.0   3.0   0.0  5.0  5.1 0.0 |        2.0   2.0   0.0  4.0  0.0 0.0
  6 |        2.0   3.0   0.0  5.0  6.5 0.0 |        2.0   2.0   0.0  4.0  0.0 0.0
  7 |        6.4   4.3   1.6 12.3 13.1 0.0 |        2.0   2.0   0.0  4.0  0.0 0.0
  8 |        7.1   4.5   1.8 13.4 10.0 0.0 |        2.0   2.0   0.0  4.0  0.0 0.0
  9 |        7.2   5.3   1.8 14.3 13.9 0.0 |        2.0   2.0   0.0  4.0  0.0 0.0
 10 |        8.8   5.7   4.3 18.9 19.3 0.0 |        3.1   2.6   1.4  7.1  0.0 0.0
 11 |        8.9   6.1   5.5 20.4 18.6 0.0 |        3.9   2.6   2.2  8.8  0.0 0.0
 12 |        8.9   6.2   6.4 21.4 19.7 0.0 |        4.2   3.5   2.5 10.2  0.0 0.0
 13 |        9.1   6.7   6.4 22.2 21.8 0.0 |        4.2   3.5   2.5 10.2  0.0 0.0
 14 |        9.1   6.8   6.4 22.2 21.2 0.0 |        4.2   3.8   2.7 10.7  0.0 0.0
 15 |        9.1   6.8   6.4 22.2 19.8 0.0 |        4.3   3.8   2.7 10.7  0.0 0.0
 16 |        9.0   7.0   6.4 22.3 19.2 0.1 |        4.3   3.8   2.7 10.7  0.0 0.0
 17 |        8.9   7.0   6.4 22.3 20.2 0.1 |        4.3   3.8   2.7 10.7  0.0 0.0
 18 |        8.8   7.0   6.4 22.1 15.1 0.2 |        4.3   3.8   2.7 10.7  0.0 0.0
 19 |        8.7   6.9   6.4 22.0 19.0 0.2 |        4.3   3.8   2.7 10.7  0.0 0.0
 20 |        8.4   6.8   6.3 21.6 15.3 0.4 |        4.3   3.8   2.7 10.7  0.0 0.0
 21 |        8.3   6.7   6.3 21.4 16.1 0.2 |        4.3   3.8   2.7 10.7  0.0 0.0
 22 |        8.0   6.3   6.3 20.7 13.5 0.8 |        4.3   3.8   2.7 10.7  0.0 0.0
 23 |        7.9   6.2   6.3 20.4 17.1 0.3 |        4.3   3.8   2.7 10.7  0.0 0.0
 24 |        7.6   6.0   6.1 19.7 12.1 0.6 |        4.3   3.8   2.7 10.7  0.0 0.0
 25 |        7.5   5.7   6.1 19.3 14.8 0.6 |        4.3   3.8   2.7 10.7  0.0 0.0
 26 |        7.1   4.9   5.9 17.9 11.9 1.3 |        4.3   3.8   2.7 10.7  0.0 0.0
 27 |        7.0   4.6   5.9 17.5 10.8 0.4 |        4.3   3.8   2.7 10.7  0.0 0.0
 28 |        6.7   4.0   5.7 16.4  3.0 1.2 |        4.3   3.8   2.7 10.7  0.0 0.0
 29 |        6.2   0.9   4.9 12.0  0.2 4.5 |        4.3   3.8   2.7 10.7  0.0 0.0

== animal-product selling per game (units @ avg price, floor units, below base) ==  DSM vs ours ==
  WOOL           DSM     164u @  88.7  floor=    4 below=  111  rev=    14583 |   ours       0u @   0.0  floor=    0 below=    0  rev=        0
  MILK           DSM     196u @  89.5  floor=    3 below=  148  rev=    17588 |   ours       0u @   0.0  floor=    0 below=    0  rev=        0
  STRAWBERRY     DSM     227u @ 133.7  floor=    1 below=   71  rev=    30333 |   ours       0u @   0.0  floor=    0 below=    0  rev=        0
  EGG            DSM     220u @  48.9  floor=    0 below=  116  rev=    10745 |   ours       0u @   0.0  floor=    0 below=    0  rev=        0
  FLOOR TOT      DSM       9                                        |   ours       0

== carry (season totals per game) ==
  DSM    peak_herd= 22.3 end_herd= 12.0 (C6/S1/G5)  release_day=  17 peak_drop= 0.0  wheat_fed=   380 ($   9493)  animal_rev=$   42916  carry=$   33423  released= 10.7  floor_units=    9
  ours   peak_herd= 10.7 end_herd= 10.7 (C4/S4/G3)  release_day=None peak_drop= 0.0  wheat_fed=     0 ($      0)  animal_rev=$       0  carry=$       0  released=  0.0  floor_units=    0
