### diag-replays/step10-ship  seat=1  24 games  6-17
### replays/Boey/v1  seat=auto  24 games
   item             our u     our $  our buy$  our net$ |    opp u     opp $  opp buy$  opp net$ |  net x
   WHEAT            1,980    80,095     4,190    75,905 |   13,880   539,770    18,149   521,621 |   0.15
   FERTILIZER       2,896   188,277         0   188,277 |    3,913   234,265     3,334   230,931 |   0.82
   MELON            1,081   203,134         0   203,134 |      714   138,059         0   138,059 |   1.47
   MILK             1,545   246,375         0   246,375 |      589    67,233         0    67,233 |   3.66
   WOOL             1,028   161,850         0   161,850 |      628   111,109         0   111,109 |   1.46
   EGG              1,211    59,370         0    59,370 |    1,089    50,934         0    50,934 |   1.17
   STRAWBERRY         184    37,258         0    37,258 |      326    62,802         0    62,802 |   0.59
   CARROT               0         0         0         0 |      186     8,592         0     8,592 |   0.00
   TOMATO               0         0         0         0 |       64     4,949         0     4,949 |   0.00
   GOOSE                0         0         0         0 |        0         0         0         0 |    nan
   SHEEP                0         0         0         0 |        0         0         0         0 |    nan
   COW                  0         0         0         0 |        0         0         0         0 |    nan
   TOTAL                                        972,169 |                              1,196,230 |   0.81
